
----- Sequências iniciais -----
a - tamanho: 20
CTTTGAGCC--TG-G-CGAT
b - tamanho: 20
-ACATTAT-GTTGGG-GTCC

----- Matriz -----
0 0 0 0 0 0 0 0 0 0 0 0 0 0 0 0 0 0 0 0 0 
0 0 0 2 1 0 0 0 0 0 0 0 0 0 0 0 0 0 0 2 2 
0 0 0 1 1 3 2 1 2 1 0 2 2 1 0 0 0 0 2 1 1 
0 0 0 0 0 3 5 4 3 2 1 2 4 3 2 1 0 0 2 1 0 
0 0 0 0 0 2 5 4 6 5 4 3 4 3 2 1 0 0 2 1 0 
0 0 0 0 0 1 4 4 5 5 7 6 5 6 5 4 3 2 1 1 0 
0 0 2 1 2 1 3 6 5 4 6 6 5 5 5 4 3 2 1 0 0 
0 0 1 1 1 1 2 5 5 4 6 5 5 7 7 7 6 5 4 3 2 
0 0 0 3 2 1 1 4 4 4 5 5 4 6 6 6 6 5 4 6 5 
0 0 0 2 2 1 0 3 3 3 4 4 4 5 5 5 5 5 4 6 8 
0 2 1 1 1 1 0 2 2 5 4 3 3 4 4 4 7 6 5 5 7 
0 2 1 0 0 0 0 1 1 4 4 3 2 3 3 3 6 6 5 4 6 
0 1 1 0 0 2 2 1 3 3 3 6 5 4 3 2 5 5 8 7 6 
0 0 0 0 0 1 1 1 2 2 5 5 5 7 6 5 4 7 7 7 6 
0 2 1 0 0 0 0 0 1 4 4 4 4 6 6 5 7 6 6 6 6 
0 1 1 0 0 0 0 0 0 3 6 5 4 6 8 8 7 9 8 7 6 
0 2 1 0 0 0 0 0 0 2 5 5 4 5 7 7 10 9 8 7 6 
0 1 1 3 2 1 0 0 0 1 4 4 4 4 6 6 9 9 8 10 9 
0 0 0 2 2 1 0 0 0 0 3 3 3 6 6 8 8 11 10 9 9 
0 0 2 1 4 3 2 2 1 0 2 2 2 5 5 7 7 10 10 9 8 
0 0 1 1 3 6 5 4 4 3 2 4 4 4 4 6 6 9 12 11 10 

----- Reconstrução do alinhamento -----
a: CTTTGAGCC-_-TG-G-CGAT
b: CATT_A__T-GTTGGG-_G_T

----- Score -----
max_score: 12

